5 5 5 5 5 5 5 5 5 5 5 5 5 5 5 5 5 5 5 5 5 5 5 5 5 5 5 5 5 5 5 5 5
3 3 3 3 3 3 3 3 5 3 3 3 3 3 3 3 5 5 5 3 3 5 1 1 1 1 5 3 3 3 3 3 5
5 3 5 5 5 5 5 3 5 5 5 5 3 5 5 3 5 5 5 2 2 5 1 1 1 1 5 3 5 5 5 3 5
5 3 5 3 5 3 5 3 3 3 3 5 3 3 5 3 5 2 2 2 2 5 1 1 1 1 5 3 5 5 3 3 5
5 3 5 3 5 3 5 5 5 5 5 5 3 3 5 3 5 5 5 5 2 5 5 1 1 1 5 3 5 5 3 3 5
5 3 3 3 5 3 5 5 5 3 5 5 5 3 5 3 3 3 5 2 2 3 5 1 1 1 5 3 5 5 5 3 5
5 3 5 3 5 3 5 5 5 3 5 5 3 3 5 5 5 3 5 2 5 5 5 3 5 5 5 3 5 5 3 3 5
5 3 5 3 5 3 5 3 5 3 3 3 3 3 3 3 5 3 5 2 5 3 3 3 3 5 5 3 5 3 3 3 5
5 3 5 3 5 3 5 3 5 3 5 5 5 5 5 5 5 3 5 2 5 3 5 5 5 5 5 3 5 3 5 3 5
5 3 5 3 5 3 5 3 5 3 5 3 3 3 3 3 3 3 5 2 5 3 3 3 3 3 3 3 5 3 5 3 5
5 3 5 3 3 3 5 3 3 3 5 5 5 3 5 5 5 5 5 2 5 3 3 3 3 3 5 5 5 3 5 3 5
5 3 5 5 5 5 5 3 5 3 3 3 5 3 3 3 3 3 3 2 5 5 5 5 5 5 5 5 3 3 5 3 5
5 3 5 3 3 3 3 3 5 3 5 3 5 5 5 5 5 5 5 2 5 5 5 5 5 3 3 3 3 3 5 3 5
5 3 3 3 3 3 3 3 5 3 5 3 3 5 2 2 2 2 2 2 3 3 3 3 3 3 3 3 5 5 5 5 5
5 3 5 5 5 5 5 5 5 5 5 3 3 5 5 3 3 5 5 5 5 5 5 5 5 5 5 5 5 5 5 5 5
5 3 3 3 3 3 3 3 3 5 5 5 5 5 5 5 5 5 5 5 5 5 5 5 5 5 5 5 5 5 5 5 5
5 5 5 5 5 5 5 5 5 5 5 5 5 5 5 5 5 5 5 5 5 5 5 5 5 5 5 5 5 5 5 5 5
1
0
544 96
168
4.0 4.0 4.0 4.0 4.0 4.0 4.0 4.0 4.0 4.0 4.0 4.0 4.0 4.0 4.0 4.0 0.0 0.0 0.0 0.0 0.0 0.0 0.0 0.0 4.0 4.0 4.0 4.0 4.0 4.0 4.0 4.0 0.0 0.0 0.0 0.0 0.0 0.0 0.0 0.0 0.0 0.0 0.0 0.0 0.0 0.0 0.0 0.0 0.0 0.0 0.0 0.0 0.0 0.0 0.0 0.0 -4.0 -4.0 -4.0 -4.0 -4.0 -4.0 -4.0 -4.0 0.0 0.0 0.0 0.0 0.0 0.0 0.0 0.0 0.0 0.0 0.0 0.0 0.0 0.0 0.0 0.0 0.0 0.0 0.0 0.0 0.0 0.0 0.0 0.0 0.0 0.0 0.0 0.0 0.0 0.0 0.0 0.0 0.0 0.0 0.0 0.0 0.0 0.0 0.0 0.0 0.0 0.0 0.0 0.0 0.0 0.0 0.0 0.0 0.0 0.0 0.0 0.0 0.0 0.0 0.0 0.0 0.0 0.0 0.0 0.0 0.0 0.0 0.0 0.0 -4.0 -4.0 -4.0 -4.0 -4.0 -4.0 -4.0 -4.0 -4.0 -4.0 -4.0 -4.0 -4.0 -4.0 -4.0 -4.0 -4.0 -4.0 -4.0 -4.0 -4.0 -4.0 -4.0 -4.0 -4.0 -4.0 -4.0 -4.0 -4.0 -4.0 -4.0 -4.0 -4.0 -4.0 -4.0 -4.0 -4.0 -4.0 -4.0 -4.0
0.0 0.0 0.0 0.0 0.0 0.0 0.0 0.0 0.0 0.0 0.0 0.0 0.0 0.0 0.0 0.0 -4.0 -4.0 -4.0 -4.0 -4.0 -4.0 -4.0 -4.0 0.0 0.0 0.0 0.0 0.0 0.0 0.0 0.0 4.0 4.0 4.0 4.0 4.0 4.0 4.0 4.0 4.0 4.0 4.0 4.0 4.0 4.0 4.0 4.0 4.0 4.0 4.0 4.0 4.0 4.0 4.0 4.0 0.0 0.0 0.0 0.0 0.0 0.0 0.0 0.0 4.0 4.0 4.0 4.0 4.0 4.0 4.0 4.0 4.0 4.0 4.0 4.0 4.0 4.0 4.0 4.0 4.0 4.0 4.0 4.0 4.0 4.0 4.0 4.0 4.0 4.0 4.0 4.0 4.0 4.0 4.0 4.0 4.0 4.0 4.0 4.0 4.0 4.0 4.0 4.0 4.0 4.0 4.0 4.0 4.0 4.0 4.0 4.0 4.0 4.0 4.0 4.0 4.0 4.0 4.0 4.0 4.0 4.0 4.0 4.0 4.0 4.0 4.0 4.0 0.0 0.0 0.0 0.0 0.0 0.0 0.0 0.0 0.0 0.0 0.0 0.0 0.0 0.0 0.0 0.0 0.0 0.0 0.0 0.0 0.0 0.0 0.0 0.0 0.0 0.0 0.0 0.0 0.0 0.0 0.0 0.0 0.0 0.0 0.0 0.0 0.0 0.0 0.0 0.0