6 6 6 6 6 6 6 6 6 6 6 6 6 6 6 6 6 6 6 6 6 6 6 6 6 6 6 6 6 6 6 6 6
4 2 2 2 2 2 2 2 2 2 2 2 2 2 2 2 2 2 2 2 2 2 2 2 2 2 2 2 2 2 2 2 6
6 2 6 6 6 6 6 6 6 6 6 6 6 6 6 6 6 6 6 6 6 6 6 6 6 6 6 6 6 6 6 2 6
6 2 6 6 6 6 4 4 4 4 6 4 4 4 4 6 6 6 4 6 6 6 6 6 6 6 6 4 6 6 6 2 6
6 2 6 6 6 6 4 6 6 4 6 4 6 6 4 4 4 4 2 2 2 2 2 2 2 2 2 2 2 2 6 2 6
6 2 6 6 4 4 4 6 6 6 6 4 4 6 4 6 6 6 6 6 6 6 6 6 6 6 6 6 6 2 6 2 6
6 2 6 6 4 6 4 6 4 6 6 6 4 6 4 6 6 4 2 2 2 2 2 2 2 2 2 2 2 2 6 2 6
6 2 6 6 4 6 4 6 4 4 4 6 4 6 4 6 6 6 2 6 6 6 6 6 6 6 6 6 6 6 6 2 6
6 2 4 4 4 6 4 4 4 6 4 6 4 6 4 4 4 6 2 2 2 2 2 2 2 2 2 2 2 2 6 2 6
6 2 6 6 6 6 6 6 6 6 4 6 4 6 6 6 4 6 4 6 6 6 6 6 4 6 6 6 6 2 6 2 6
6 2 6 4 4 4 4 4 4 4 4 6 4 4 4 6 4 6 6 6 6 6 6 6 6 6 4 4 6 2 6 2 6
6 2 6 4 6 6 6 6 6 6 6 6 6 6 4 6 4 6 4 7 7 7 7 6 4 4 2 2 2 2 6 2 6
6 2 6 2 2 2 2 2 2 2 2 4 4 6 4 6 6 6 4 7 3 3 3 4 4 6 6 6 6 6 6 2 6
6 2 6 2 2 2 2 2 2 2 2 6 4 4 4 4 4 4 4 7 7 7 7 6 6 6 6 6 6 6 6 2 6
6 2 6 6 6 6 6 6 6 6 6 6 6 6 6 6 6 6 6 6 6 6 6 6 6 6 6 6 6 6 6 2 6
6 2 2 2 2 2 2 2 2 2 2 2 2 2 2 2 2 2 2 2 2 2 2 2 2 2 2 2 2 2 2 2 6
6 6 6 6 6 6 6 6 6 6 6 6 6 6 6 6 6 6 6 6 6 6 6 6 6 6 6 6 6 6 6 6 6
3
1
64 32
350
8.0 8.0 8.0 8.0 8.0 8.0 8.0 8.0 8.0 8.0 8.0 8.0 8.0 8.0 8.0 8.0 8.0 8.0 8.0 8.0 8.0 8.0 8.0 8.0 8.0 8.0 8.0 8.0 8.0 8.0 8.0 8.0 8.0 8.0 8.0 8.0 8.0 8.0 8.0 8.0 8.0 8.0 8.0 8.0 8.0 8.0 8.0 8.0 8.0 8.0 8.0 8.0 8.0 8.0 8.0 8.0 8.0 8.0 8.0 8.0 8.0 8.0 8.0 8.0 8.0 8.0 8.0 8.0 8.0 8.0 8.0 8.0 8.0 8.0 8.0 8.0 8.0 8.0 8.0 8.0 8.0 8.0 8.0 8.0 8.0 8.0 8.0 8.0 8.0 8.0 8.0 8.0 8.0 8.0 8.0 8.0 8.0 8.0 8.0 8.0 8.0 8.0 8.0 8.0 8.0 8.0 8.0 8.0 8.0 8.0 8.0 8.0 8.0 8.0 8.0 8.0 0.0 0.0 0.0 0.0 0.0 0.0 0.0 0.0 0.0 0.0 0.0 0.0 0.0 0.0 0.0 0.0 0.0 0.0 0.0 0.0 0.0 0.0 0.0 0.0 0.0 0.0 0.0 0.0 0.0 0.0 0.0 0.0 0.0 0.0 0.0 0.0 0.0 0.0 0.0 0.0 0.0 0.0 0.0 0.0 0.0 0.0 0.0 0.0 0.0 0.0 0.0 0.0 0.0 0.0 0.0 -8.0 -8.0 -8.0 -8.0 -8.0 -8.0 -8.0 -8.0 -8.0 -8.0 -8.0 -8.0 -8.0 -8.0 -8.0 -8.0 -8.0 -8.0 -8.0 -8.0 -8.0 -8.0 -8.0 -8.0 -8.0 -8.0 -8.0 -8.0 -8.0 -8.0 -8.0 -8.0 -8.0 -8.0 -8.0 -8.0 -8.0 -8.0 -8.0 -8.0 -8.0 -8.0 -8.0 -8.0 -8.0 -8.0 -8.0 -8.0 -8.0 -8.0 -8.0 -8.0 -8.0 -8.0 -8.0 -8.0 -8.0 -8.0 -8.0 -8.0 -8.0 -8.0 -8.0 -8.0 -8.0 -8.0 -8.0 -8.0 -8.0 -8.0 -8.0 -8.0 -8.0 -8.0 -8.0 -8.0 -8.0 -8.0 -8.0 -8.0 -8.0 -8.0 -8.0 -8.0 -8.0 -8.0 -8.0 -8.0 -8.0 -8.0 -8.0 -8.0 -8.0 -8.0 -8.0 -8.0 -8.0 -8.0 -8.0 -8.0 -8.0 -8.0 -8.0 -8.0 -8.0 -8.0 -8.0 -8.0 -8.0 -8.0 -8.0 -8.0 -8.0 -8.0 -8.0 -8.0 -8.0 -8.0 -8.0 -8.0 0.0 0.0 0.0 0.0 0.0 0.0 0.0 0.0 0.0 0.0 0.0 0.0 0.0 0.0 0.0 0.0 0.0 0.0 0.0 0.0 0.0 0.0 0.0 0.0 0.0 0.0 0.0 0.0 0.0 0.0 0.0 0.0 0.0 0.0 0.0 0.0 0.0 0.0 0.0 0.0 0.0 0.0 0.0 0.0 0.0 0.0 0.0 0.0 0.0 0.0 0.0 0.0 0.0 0.0 0.0
0.0 0.0 0.0 0.0 0.0 0.0 0.0 0.0 0.0 0.0 0.0 0.0 0.0 0.0 0.0 0.0 0.0 0.0 0.0 0.0 0.0 0.0 0.0 0.0 0.0 0.0 0.0 0.0 0.0 0.0 0.0 0.0 0.0 0.0 0.0 0.0 0.0 0.0 0.0 0.0 0.0 0.0 0.0 0.0 0.0 0.0 0.0 0.0 0.0 0.0 0.0 0.0 0.0 0.0 0.0 0.0 0.0 0.0 0.0 0.0 0.0 0.0 0.0 0.0 0.0 0.0 0.0 0.0 0.0 0.0 0.0 0.0 0.0 0.0 0.0 0.0 0.0 0.0 0.0 0.0 0.0 0.0 0.0 0.0 0.0 0.0 0.0 0.0 0.0 0.0 0.0 0.0 0.0 0.0 0.0 0.0 0.0 0.0 0.0 0.0 0.0 0.0 0.0 0.0 0.0 0.0 0.0 0.0 0.0 0.0 0.0 0.0 0.0 0.0 0.0 0.0 8.0 8.0 8.0 8.0 8.0 8.0 8.0 8.0 8.0 8.0 8.0 8.0 8.0 8.0 8.0 8.0 8.0 8.0 8.0 8.0 8.0 8.0 8.0 8.0 8.0 8.0 8.0 8.0 8.0 8.0 8.0 8.0 8.0 8.0 8.0 8.0 8.0 8.0 8.0 8.0 8.0 8.0 8.0 8.0 8.0 8.0 8.0 8.0 8.0 8.0 8.0 8.0 8.0 8.0 8.0 0.0 0.0 0.0 0.0 0.0 0.0 0.0 0.0 0.0 0.0 0.0 0.0 0.0 0.0 0.0 0.0 0.0 0.0 0.0 0.0 0.0 0.0 0.0 0.0 0.0 0.0 0.0 0.0 0.0 0.0 0.0 0.0 0.0 0.0 0.0 0.0 0.0 0.0 0.0 0.0 0.0 0.0 0.0 0.0 0.0 0.0 0.0 0.0 0.0 0.0 0.0 0.0 0.0 0.0 0.0 0.0 0.0 0.0 0.0 0.0 0.0 0.0 0.0 0.0 0.0 0.0 0.0 0.0 0.0 0.0 0.0 0.0 0.0 0.0 0.0 0.0 0.0 0.0 0.0 0.0 0.0 0.0 0.0 0.0 0.0 0.0 0.0 0.0 0.0 0.0 0.0 0.0 0.0 0.0 0.0 0.0 0.0 0.0 0.0 0.0 0.0 0.0 0.0 0.0 0.0 0.0 0.0 0.0 0.0 0.0 0.0 0.0 0.0 0.0 0.0 0.0 0.0 0.0 0.0 0.0 -8.0 -8.0 -8.0 -8.0 -8.0 -8.0 -8.0 -8.0 -8.0 -8.0 -8.0 -8.0 -8.0 -8.0 -8.0 -8.0 -8.0 -8.0 -8.0 -8.0 -8.0 -8.0 -8.0 -8.0 -8.0 -8.0 -8.0 -8.0 -8.0 -8.0 -8.0 -8.0 -8.0 -8.0 -8.0 -8.0 -8.0 -8.0 -8.0 -8.0 -8.0 -8.0 -8.0 -8.0 -8.0 -8.0 -8.0 -8.0 -8.0 -8.0 -8.0 -8.0 -8.0 -8.0 -8.0
0
96 384
120
4.0 4.0 4.0 4.0 4.0 4.0 4.0 4.0 4.0 4.0 4.0 4.0 4.0 4.0 4.0 4.0 4.0 4.0 4.0 4.0 4.0 4.0 4.0 4.0 4.0 4.0 4.0 4.0 4.0 4.0 4.0 4.0 4.0 4.0 4.0 4.0 4.0 4.0 4.0 4.0 4.0 4.0 4.0 4.0 4.0 4.0 4.0 4.0 4.0 4.0 4.0 4.0 4.0 4.0 4.0 4.0 0.0 0.0 0.0 0.0 0.0 0.0 0.0 0.0 -4.0 -4.0 -4.0 -4.0 -4.0 -4.0 -4.0 -4.0 -4.0 -4.0 -4.0 -4.0 -4.0 -4.0 -4.0 -4.0 -4.0 -4.0 -4.0 -4.0 -4.0 -4.0 -4.0 -4.0 -4.0 -4.0 -4.0 -4.0 -4.0 -4.0 -4.0 -4.0 -4.0 -4.0 -4.0 -4.0 -4.0 -4.0 -4.0 -4.0 -4.0 -4.0 -4.0 -4.0 -4.0 -4.0 -4.0 -4.0 -4.0 -4.0 -4.0 -4.0 -4.0 -4.0 -4.0 -4.0
0.0 0.0 0.0 0.0 0.0 0.0 0.0 0.0 0.0 0.0 0.0 0.0 0.0 0.0 0.0 0.0 0.0 0.0 0.0 0.0 0.0 0.0 0.0 0.0 0.0 0.0 0.0 0.0 0.0 0.0 0.0 0.0 0.0 0.0 0.0 0.0 0.0 0.0 0.0 0.0 0.0 0.0 0.0 0.0 0.0 0.0 0.0 0.0 0.0 0.0 0.0 0.0 0.0 0.0 0.0 0.0 4.0 4.0 4.0 4.0 4.0 4.0 4.0 4.0 0.0 0.0 0.0 0.0 0.0 0.0 0.0 0.0 0.0 0.0 0.0 0.0 0.0 0.0 0.0 0.0 0.0 0.0 0.0 0.0 0.0 0.0 0.0 0.0 0.0 0.0 0.0 0.0 0.0 0.0 0.0 0.0 0.0 0.0 0.0 0.0 0.0 0.0 0.0 0.0 0.0 0.0 0.0 0.0 0.0 0.0 0.0 0.0 0.0 0.0 0.0 0.0 0.0 0.0 0.0 0.0
1
576 128
190
8.0 8.0 8.0 8.0 8.0 8.0 8.0 8.0 8.0 8.0 8.0 8.0 8.0 8.0 8.0 8.0 8.0 8.0 8.0 8.0 8.0 8.0 8.0 8.0 8.0 8.0 8.0 8.0 8.0 8.0 8.0 8.0 8.0 8.0 8.0 8.0 8.0 8.0 8.0 8.0 8.0 8.0 8.0 8.0 8.0 0.0 0.0 0.0 0.0 0.0 0.0 0.0 0.0 -8.0 -8.0 -8.0 -8.0 -8.0 -8.0 -8.0 -8.0 -8.0 -8.0 -8.0 -8.0 -8.0 -8.0 -8.0 -8.0 -8.0 -8.0 -8.0 -8.0 -8.0 -8.0 -8.0 -8.0 -8.0 -8.0 -8.0 -8.0 -8.0 -8.0 -8.0 -8.0 -8.0 -8.0 -8.0 -8.0 -8.0 -8.0 -8.0 -8.0 -8.0 -8.0 -8.0 -8.0 -8.0 0.0 0.0 0.0 0.0 0.0 0.0 0.0 8.0 8.0 8.0 8.0 8.0 8.0 8.0 8.0 8.0 8.0 8.0 8.0 8.0 8.0 8.0 8.0 8.0 8.0 8.0 8.0 8.0 8.0 8.0 8.0 8.0 8.0 8.0 8.0 8.0 8.0 8.0 8.0 8.0 8.0 8.0 8.0 8.0 8.0 8.0 8.0 8.0 8.0 8.0 8.0 8.0 0.0 0.0 0.0 0.0 0.0 0.0 0.0 0.0 0.0 0.0 0.0 0.0 -8.0 -8.0 -8.0 -8.0 -8.0 -8.0 -8.0 -8.0 -8.0 -8.0 -8.0 -8.0
0.0 0.0 0.0 0.0 0.0 0.0 0.0 0.0 0.0 0.0 0.0 0.0 0.0 0.0 0.0 0.0 0.0 0.0 0.0 0.0 0.0 0.0 0.0 0.0 0.0 0.0 0.0 0.0 0.0 0.0 0.0 0.0 0.0 0.0 0.0 0.0 0.0 0.0 0.0 0.0 0.0 0.0 0.0 0.0 0.0 8.0 8.0 8.0 8.0 8.0 8.0 8.0 8.0 0.0 0.0 0.0 0.0 0.0 0.0 0.0 0.0 0.0 0.0 0.0 0.0 0.0 0.0 0.0 0.0 0.0 0.0 0.0 0.0 0.0 0.0 0.0 0.0 0.0 0.0 0.0 0.0 0.0 0.0 0.0 0.0 0.0 0.0 0.0 0.0 0.0 0.0 0.0 0.0 0.0 0.0 0.0 0.0 0.0 0.0 8.0 8.0 8.0 8.0 8.0 8.0 8.0 0.0 0.0 0.0 0.0 0.0 0.0 0.0 0.0 0.0 0.0 0.0 0.0 0.0 0.0 0.0 0.0 0.0 0.0 0.0 0.0 0.0 0.0 0.0 0.0 0.0 0.0 0.0 0.0 0.0 0.0 0.0 0.0 0.0 0.0 0.0 0.0 0.0 0.0 0.0 0.0 0.0 0.0 0.0 0.0 0.0 8.0 8.0 8.0 8.0 8.0 8.0 8.0 8.0 8.0 8.0 8.0 8.0 0.0 0.0 0.0 0.0 0.0 0.0 0.0 0.0 0.0 0.0 0.0 0.0